preturn
21.88
59.82
33.28
20.23
15.78
13.59
32.98
11.31
21.46
14.45
25.43
10.67
12.11
17.69
56.87
4.43
24.95
20.13
8.75
12.45
19.89
37.71
49.97
19.67
55.4
27.16
39.44
19.45
15.42
55.9
28.25
31.03
31.15
41.86
49.76
24.89
11.37
18.19
32.5
7.57
29.18
31.7
67.69
10.09
61.88
24.08
7.97
24.22
18.17
24.21
31.96
45.39
56.63
14.36
10
45.37
27.16
-2.7
11.38
12.67
12.41
91.15
8.4
30.52
20.26
4.08
26.09
12.21
67.45
43.31
19.21
18.49
21.31
25.18
26.85
18.89

